100 1423 1
100 1423 2
200 1423 3
600 1423 4
977 1423 5
616 1423 6
850 1423 7
258 1423 8
641 1423 9
77 1423 10
770 1423 11
1355 1423 12
607 1423 13
776 1423 14
903 1423 15
738 1423 16
424 1423 17
93 1423 18
251 1423 19
500 1423 20
39 1423 21
819 1423 22
942 1423 23
321 1423 24
589 1423 25
495 1423 26
63 1423 27
278 1423 28
669 1423 29
902 1423 30
23 1423 31
713 1423 32
48 1423 33
161 1423 34
1205 1423 35
908 1423 36
1382 1423 37
1329 1423 38
697 1423 39
146 1423 40
148 1423 41
376 1423 42
139 1423 43
285 1423 44
1156 1423 45
792 1423 46
857 1423 47
435 1423 48
958 1423 49
1406 1423 50
573 1423 51
763 1423 52
1255 1423 53
1057 1423 54
158 1423 55
152 1423 56
1397 1423 57
1364 1423 58
847 1423 59
168 1423 60
119 1423 61
144 1423 62
390 1423 63
379 1423 64
65 1423 65
1379 1423 66
1365 1423 67
383 1423 68
430 1423 69
1210 1423 70
743 1423 71
102 1423 72
229 1423 73
1064 1423 74
471 1423 75
1173 1423 76
922 1423 77
1267 1423 78
639 1423 79
676 1423 80
6 1423 81
486 1423 82
8 1423 83
664 1423 84
279 1423 85
947 1423 86
331 1423 87
337 1423 88
1196 1423 89
1142 1423 90
324 1423 91
1024 1423 92
290 1423 93
1356 1423 94
817 1423 95
773 1423 96
212 1423 97
642 1423 98
304 1423 99
213
