100 1423 1 1 1
100 1423 2 1 1
100 1423 2 1 1
100 1423 2 2 1
100 1423 3 2 1
100 1423 3 2 2
100 1423 3 6 2
100 1423 4 6 2
100 1423 4 6 6
100 1423 4 24 6
100 1423 5 24 6
100 1423 5 24 24
100 1423 5 120 24
100 1423 6 120 24
100 1423 6 120 120
100 1423 6 720 120
100 1423 7 720 120
100 1423 7 720 720
100 1423 7 5040 720
100 1423 8 771 720
100 1423 8 771 771
100 1423 8 6168 771
100 1423 9 476 771
100 1423 9 476 476
100 1423 9 4284 476
100 1423 10 15 476
100 1423 10 15 15
100 1423 10 150 15
100 1423 11 150 15
100 1423 11 150 150
100 1423 11 1650 150
100 1423 12 227 150
100 1423 12 227 227
100 1423 12 2724 227
100 1423 13 1301 227
100 1423 13 1301 1301
100 1423 13 16913 1301
100 1423 14 1260 1301
100 1423 14 1260 1260
100 1423 14 17640 1260
100 1423 15 564 1260
100 1423 15 564 564
100 1423 15 8460 564
100 1423 16 1345 564
100 1423 16 1345 1345
100 1423 16 21520 1345
100 1423 17 175 1345
100 1423 17 175 175
100 1423 17 2975 175
100 1423 18 129 175
100 1423 18 129 129
100 1423 18 2322 129
100 1423 19 899 129
100 1423 19 899 899
100 1423 19 17081 899
100 1423 20 5 899
100 1423 20 5 5
100 1423 20 100 5
100 1423 21 100 5
100 1423 21 100 100
100 1423 21 2100 100
100 1423 22 677 100
100 1423 22 677 677
100 1423 22 14894 677
100 1423 23 664 677
100 1423 23 664 664
100 1423 23 15272 664
100 1423 24 1042 664
100 1423 24 1042 1042
100 1423 24 25008 1042
100 1423 25 817 1042
100 1423 25 817 817
100 1423 25 20425 817
100 1423 26 503 817
100 1423 26 503 503
100 1423 26 13078 503
100 1423 27 271 503
100 1423 27 271 271
100 1423 27 7317 271
100 1423 28 202 271
100 1423 28 202 202
100 1423 28 5656 202
100 1423 29 1387 202
100 1423 29 1387 1387
100 1423 29 40223 1387
100 1423 30 379 1387
100 1423 30 379 379
100 1423 30 11370 379
100 1423 31 1409 379
100 1423 31 1409 1409
100 1423 31 43679 1409
100 1423 32 989 1409
100 1423 32 989 989
100 1423 32 31648 989
100 1423 33 342 989
100 1423 33 342 342
100 1423 33 11286 342
100 1423 34 1325 342
100 1423 34 1325 1325
100 1423 34 45050 1325
100 1423 35 937 1325
100 1423 35 937 937
100 1423 35 32795 937
100 1423 36 66 937
100 1423 36 66 66
100 1423 36 2376 66
100 1423 37 953 66
100 1423 37 953 953
100 1423 37 35261 953
100 1423 38 1109 953
100 1423 38 1109 1109
100 1423 38 42142 1109
100 1423 39 875 1109
100 1423 39 875 875
100 1423 39 34125 875
100 1423 40 1396 875
100 1423 40 1396 1396
100 1423 40 55840 1396
100 1423 41 343 1396
100 1423 41 343 343
100 1423 41 14063 343
100 1423 42 1256 343
100 1423 42 1256 1256
100 1423 42 52752 1256
100 1423 43 101 1256
100 1423 43 101 101
100 1423 43 4343 101
100 1423 44 74 101
100 1423 44 74 74
100 1423 44 3256 74
100 1423 45 410 74
100 1423 45 410 410
100 1423 45 18450 410
100 1423 46 1374 410
100 1423 46 1374 1374
100 1423 46 63204 1374
100 1423 47 592 1374
100 1423 47 592 592
100 1423 47 27824 592
100 1423 48 787 592
100 1423 48 787 787
100 1423 48 37776 787
100 1423 49 778 787
100 1423 49 778 778
100 1423 49 38122 778
100 1423 50 1124 778
100 1423 50 1124 1124
100 1423 50 56200 1124
100 1423 51 703 1124
100 1423 51 703 703
100 1423 51 35853 703
100 1423 52 278 703
100 1423 52 278 278
100 1423 52 14456 278
100 1423 53 226 278
100 1423 53 226 226
100 1423 53 11978 226
100 1423 54 594 226
100 1423 54 594 594
100 1423 54 32076 594
100 1423 55 770 594
100 1423 55 770 770
100 1423 55 42350 770
100 1423 56 1083 770
100 1423 56 1083 1083
100 1423 56 60648 1083
100 1423 57 882 1083
100 1423 57 882 882
100 1423 57 50274 882
100 1423 58 469 882
100 1423 58 469 469
100 1423 58 27202 469
100 1423 59 165 469
100 1423 59 165 165
100 1423 59 9735 165
100 1423 60 1197 165
100 1423 60 1197 1197
100 1423 60 71820 1197
100 1423 61 670 1197
100 1423 61 670 670
100 1423 61 40870 670
100 1423 62 1026 670
100 1423 62 1026 1026
100 1423 62 63612 1026
100 1423 63 1000 1026
100 1423 63 1000 1000
100 1423 63 63000 1000
100 1423 64 388 1000
100 1423 64 388 388
100 1423 64 24832 388
100 1423 65 641 388
100 1423 65 641 641
100 1423 65 41665 641
100 1423 66 398 641
100 1423 66 398 398
100 1423 66 26268 398
100 1423 67 654 398
100 1423 67 654 654
100 1423 67 43818 654
100 1423 68 1128 654
100 1423 68 1128 1128
100 1423 68 76704 1128
100 1423 69 1285 1128
100 1423 69 1285 1285
100 1423 69 88665 1285
100 1423 70 439 1285
100 1423 70 439 439
100 1423 70 30730 439
100 1423 71 847 439
100 1423 71 847 847
100 1423 71 60137 847
100 1423 72 371 847
100 1423 72 371 371
100 1423 72 26712 371
100 1423 73 1098 371
100 1423 73 1098 1098
100 1423 73 80154 1098
100 1423 74 466 1098
100 1423 74 466 466
100 1423 74 34484 466
100 1423 75 332 466
100 1423 75 332 332
100 1423 75 24900 332
100 1423 76 709 332
100 1423 76 709 709
100 1423 76 53884 709
100 1423 77 1233 709
100 1423 77 1233 1233
100 1423 77 94941 1233
100 1423 78 1023 1233
100 1423 78 1023 1023
100 1423 78 79794 1023
100 1423 79 106 1023
100 1423 79 106 106
100 1423 79 8374 106
100 1423 80 1259 106
100 1423 80 1259 1259
100 1423 80 100720 1259
100 1423 81 1110 1259
100 1423 81 1110 1110
100 1423 81 89910 1110
100 1423 82 261 1110
100 1423 82 261 261
100 1423 82 21402 261
100 1423 83 57 261
100 1423 83 57 57
100 1423 83 4731 57
100 1423 84 462 57
100 1423 84 462 462
100 1423 84 38808 462
100 1423 85 387 462
100 1423 85 387 387
100 1423 85 32895 387
100 1423 86 166 387
100 1423 86 166 166
100 1423 86 14276 166
100 1423 87 46 166
100 1423 87 46 46
100 1423 87 4002 46
100 1423 88 1156 46
100 1423 88 1156 1156
100 1423 88 101728 1156
100 1423 89 695 1156
100 1423 89 695 695
100 1423 89 61855 695
100 1423 90 666 695
100 1423 90 666 666
100 1423 90 59940 666
100 1423 91 174 666
100 1423 91 174 174
100 1423 91 15834 174
100 1423 92 181 174
100 1423 92 181 181
100 1423 92 16652 181
100 1423 93 999 181
100 1423 93 999 999
100 1423 93 92907 999
100 1423 94 412 999
100 1423 94 412 412
100 1423 94 38728 412
100 1423 95 307 412
100 1423 95 307 307
100 1423 95 29165 307
100 1423 96 705 307
100 1423 96 705 705
100 1423 96 67680 705
100 1423 97 799 705
100 1423 97 799 799
100 1423 97 77503 799
100 1423 98 661 799
100 1423 98 661 661
100 1423 98 64778 661
100 1423 99 743 661
100 1423 99 743 743
100 1423 99 73557 743
100 1423 100 984 743
100 1423 100 984 984
100 1423 100 98400 984
100 1423 101 213 984
100 1423 101 213 213
213
