1 1423 1 100
1 1423 2 100
2 1423 2 100
2 1423 3 100
6 1423 3 100
6 1423 4 100
24 1423 4 100
24 1423 5 100
120 1423 5 100
120 1423 6 100
720 1423 6 100
720 1423 7 100
771 1423 7 100
771 1423 8 100
476 1423 8 100
476 1423 9 100
15 1423 9 100
15 1423 10 100
150 1423 10 100
150 1423 11 100
227 1423 11 100
227 1423 12 100
1301 1423 12 100
1301 1423 13 100
1260 1423 13 100
1260 1423 14 100
564 1423 14 100
564 1423 15 100
1345 1423 15 100
1345 1423 16 100
175 1423 16 100
175 1423 17 100
129 1423 17 100
129 1423 18 100
899 1423 18 100
899 1423 19 100
5 1423 19 100
5 1423 20 100
100 1423 20 100
100 1423 21 100
677 1423 21 100
677 1423 22 100
664 1423 22 100
664 1423 23 100
1042 1423 23 100
1042 1423 24 100
817 1423 24 100
817 1423 25 100
503 1423 25 100
503 1423 26 100
271 1423 26 100
271 1423 27 100
202 1423 27 100
202 1423 28 100
1387 1423 28 100
1387 1423 29 100
379 1423 29 100
379 1423 30 100
1409 1423 30 100
1409 1423 31 100
989 1423 31 100
989 1423 32 100
342 1423 32 100
342 1423 33 100
1325 1423 33 100
1325 1423 34 100
937 1423 34 100
937 1423 35 100
66 1423 35 100
66 1423 36 100
953 1423 36 100
953 1423 37 100
1109 1423 37 100
1109 1423 38 100
875 1423 38 100
875 1423 39 100
1396 1423 39 100
1396 1423 40 100
343 1423 40 100
343 1423 41 100
1256 1423 41 100
1256 1423 42 100
101 1423 42 100
101 1423 43 100
74 1423 43 100
74 1423 44 100
410 1423 44 100
410 1423 45 100
1374 1423 45 100
1374 1423 46 100
592 1423 46 100
592 1423 47 100
787 1423 47 100
787 1423 48 100
778 1423 48 100
778 1423 49 100
1124 1423 49 100
1124 1423 50 100
703 1423 50 100
703 1423 51 100
278 1423 51 100
278 1423 52 100
226 1423 52 100
226 1423 53 100
594 1423 53 100
594 1423 54 100
770 1423 54 100
770 1423 55 100
1083 1423 55 100
1083 1423 56 100
882 1423 56 100
882 1423 57 100
469 1423 57 100
469 1423 58 100
165 1423 58 100
165 1423 59 100
1197 1423 59 100
1197 1423 60 100
670 1423 60 100
670 1423 61 100
1026 1423 61 100
1026 1423 62 100
1000 1423 62 100
1000 1423 63 100
388 1423 63 100
388 1423 64 100
641 1423 64 100
641 1423 65 100
398 1423 65 100
398 1423 66 100
654 1423 66 100
654 1423 67 100
1128 1423 67 100
1128 1423 68 100
1285 1423 68 100
1285 1423 69 100
439 1423 69 100
439 1423 70 100
847 1423 70 100
847 1423 71 100
371 1423 71 100
371 1423 72 100
1098 1423 72 100
1098 1423 73 100
466 1423 73 100
466 1423 74 100
332 1423 74 100
332 1423 75 100
709 1423 75 100
709 1423 76 100
1233 1423 76 100
1233 1423 77 100
1023 1423 77 100
1023 1423 78 100
106 1423 78 100
106 1423 79 100
1259 1423 79 100
1259 1423 80 100
1110 1423 80 100
1110 1423 81 100
261 1423 81 100
261 1423 82 100
57 1423 82 100
57 1423 83 100
462 1423 83 100
462 1423 84 100
387 1423 84 100
387 1423 85 100
166 1423 85 100
166 1423 86 100
46 1423 86 100
46 1423 87 100
1156 1423 87 100
1156 1423 88 100
695 1423 88 100
695 1423 89 100
666 1423 89 100
666 1423 90 100
174 1423 90 100
174 1423 91 100
181 1423 91 100
181 1423 92 100
999 1423 92 100
999 1423 93 100
412 1423 93 100
412 1423 94 100
307 1423 94 100
307 1423 95 100
705 1423 95 100
705 1423 96 100
799 1423 96 100
799 1423 97 100
661 1423 97 100
661 1423 98 100
743 1423 98 100
743 1423 99 100
984 1423 99 100
984 1423 100 100
213 1423 100 100
213 1423 101 100
213 1423 101 100 1 213
213
