100 1423 1 1 
100 1423 1 1 
100 1423 1 1 
100 1423 2 1 
100 1423 2 1 
100 1423 2 2 
100 1423 2 2 
100 1423 3 2 
100 1423 3 2 
100 1423 3 6 
100 1423 3 6 
100 1423 4 6 
100 1423 4 6 
100 1423 4 24 
100 1423 4 24 
100 1423 5 24 
100 1423 5 24 
100 1423 5 120 
100 1423 5 120 
100 1423 6 120 
100 1423 6 120 
100 1423 6 720 
100 1423 6 720 
100 1423 7 720 
100 1423 7 720 
100 1423 7 5040 
100 1423 7 771 
100 1423 8 771 
100 1423 8 771 
100 1423 8 6168 
100 1423 8 476 
100 1423 9 476 
100 1423 9 476 
100 1423 9 4284 
100 1423 9 15 
100 1423 10 15 
100 1423 10 15 
100 1423 10 150 
100 1423 10 150 
100 1423 11 150 
100 1423 11 150 
100 1423 11 1650 
100 1423 11 227 
100 1423 12 227 
100 1423 12 227 
100 1423 12 2724 
100 1423 12 1301 
100 1423 13 1301 
100 1423 13 1301 
100 1423 13 16913 
100 1423 13 1260 
100 1423 14 1260 
100 1423 14 1260 
100 1423 14 17640 
100 1423 14 564 
100 1423 15 564 
100 1423 15 564 
100 1423 15 8460 
100 1423 15 1345 
100 1423 16 1345 
100 1423 16 1345 
100 1423 16 21520 
100 1423 16 175 
100 1423 17 175 
100 1423 17 175 
100 1423 17 2975 
100 1423 17 129 
100 1423 18 129 
100 1423 18 129 
100 1423 18 2322 
100 1423 18 899 
100 1423 19 899 
100 1423 19 899 
100 1423 19 17081 
100 1423 19 5 
100 1423 20 5 
100 1423 20 5 
100 1423 20 100 
100 1423 20 100 
100 1423 21 100 
100 1423 21 100 
100 1423 21 2100 
100 1423 21 677 
100 1423 22 677 
100 1423 22 677 
100 1423 22 14894 
100 1423 22 664 
100 1423 23 664 
100 1423 23 664 
100 1423 23 15272 
100 1423 23 1042 
100 1423 24 1042 
100 1423 24 1042 
100 1423 24 25008 
100 1423 24 817 
100 1423 25 817 
100 1423 25 817 
100 1423 25 20425 
100 1423 25 503 
100 1423 26 503 
100 1423 26 503 
100 1423 26 13078 
100 1423 26 271 
100 1423 27 271 
100 1423 27 271 
100 1423 27 7317 
100 1423 27 202 
100 1423 28 202 
100 1423 28 202 
100 1423 28 5656 
100 1423 28 1387 
100 1423 29 1387 
100 1423 29 1387 
100 1423 29 40223 
100 1423 29 379 
100 1423 30 379 
100 1423 30 379 
100 1423 30 11370 
100 1423 30 1409 
100 1423 31 1409 
100 1423 31 1409 
100 1423 31 43679 
100 1423 31 989 
100 1423 32 989 
100 1423 32 989 
100 1423 32 31648 
100 1423 32 342 
100 1423 33 342 
100 1423 33 342 
100 1423 33 11286 
100 1423 33 1325 
100 1423 34 1325 
100 1423 34 1325 
100 1423 34 45050 
100 1423 34 937 
100 1423 35 937 
100 1423 35 937 
100 1423 35 32795 
100 1423 35 66 
100 1423 36 66 
100 1423 36 66 
100 1423 36 2376 
100 1423 36 953 
100 1423 37 953 
100 1423 37 953 
100 1423 37 35261 
100 1423 37 1109 
100 1423 38 1109 
100 1423 38 1109 
100 1423 38 42142 
100 1423 38 875 
100 1423 39 875 
100 1423 39 875 
100 1423 39 34125 
100 1423 39 1396 
100 1423 40 1396 
100 1423 40 1396 
100 1423 40 55840 
100 1423 40 343 
100 1423 41 343 
100 1423 41 343 
100 1423 41 14063 
100 1423 41 1256 
100 1423 42 1256 
100 1423 42 1256 
100 1423 42 52752 
100 1423 42 101 
100 1423 43 101 
100 1423 43 101 
100 1423 43 4343 
100 1423 43 74 
100 1423 44 74 
100 1423 44 74 
100 1423 44 3256 
100 1423 44 410 
100 1423 45 410 
100 1423 45 410 
100 1423 45 18450 
100 1423 45 1374 
100 1423 46 1374 
100 1423 46 1374 
100 1423 46 63204 
100 1423 46 592 
100 1423 47 592 
100 1423 47 592 
100 1423 47 27824 
100 1423 47 787 
100 1423 48 787 
100 1423 48 787 
100 1423 48 37776 
100 1423 48 778 
100 1423 49 778 
100 1423 49 778 
100 1423 49 38122 
100 1423 49 1124 
100 1423 50 1124 
100 1423 50 1124 
100 1423 50 56200 
100 1423 50 703 
100 1423 51 703 
100 1423 51 703 
100 1423 51 35853 
100 1423 51 278 
100 1423 52 278 
100 1423 52 278 
100 1423 52 14456 
100 1423 52 226 
100 1423 53 226 
100 1423 53 226 
100 1423 53 11978 
100 1423 53 594 
100 1423 54 594 
100 1423 54 594 
100 1423 54 32076 
100 1423 54 770 
100 1423 55 770 
100 1423 55 770 
100 1423 55 42350 
100 1423 55 1083 
100 1423 56 1083 
100 1423 56 1083 
100 1423 56 60648 
100 1423 56 882 
100 1423 57 882 
100 1423 57 882 
100 1423 57 50274 
100 1423 57 469 
100 1423 58 469 
100 1423 58 469 
100 1423 58 27202 
100 1423 58 165 
100 1423 59 165 
100 1423 59 165 
100 1423 59 9735 
100 1423 59 1197 
100 1423 60 1197 
100 1423 60 1197 
100 1423 60 71820 
100 1423 60 670 
100 1423 61 670 
100 1423 61 670 
100 1423 61 40870 
100 1423 61 1026 
100 1423 62 1026 
100 1423 62 1026 
100 1423 62 63612 
100 1423 62 1000 
100 1423 63 1000 
100 1423 63 1000 
100 1423 63 63000 
100 1423 63 388 
100 1423 64 388 
100 1423 64 388 
100 1423 64 24832 
100 1423 64 641 
100 1423 65 641 
100 1423 65 641 
100 1423 65 41665 
100 1423 65 398 
100 1423 66 398 
100 1423 66 398 
100 1423 66 26268 
100 1423 66 654 
100 1423 67 654 
100 1423 67 654 
100 1423 67 43818 
100 1423 67 1128 
100 1423 68 1128 
100 1423 68 1128 
100 1423 68 76704 
100 1423 68 1285 
100 1423 69 1285 
100 1423 69 1285 
100 1423 69 88665 
100 1423 69 439 
100 1423 70 439 
100 1423 70 439 
100 1423 70 30730 
100 1423 70 847 
100 1423 71 847 
100 1423 71 847 
100 1423 71 60137 
100 1423 71 371 
100 1423 72 371 
100 1423 72 371 
100 1423 72 26712 
100 1423 72 1098 
100 1423 73 1098 
100 1423 73 1098 
100 1423 73 80154 
100 1423 73 466 
100 1423 74 466 
100 1423 74 466 
100 1423 74 34484 
100 1423 74 332 
100 1423 75 332 
100 1423 75 332 
100 1423 75 24900 
100 1423 75 709 
100 1423 76 709 
100 1423 76 709 
100 1423 76 53884 
100 1423 76 1233 
100 1423 77 1233 
100 1423 77 1233 
100 1423 77 94941 
100 1423 77 1023 
100 1423 78 1023 
100 1423 78 1023 
100 1423 78 79794 
100 1423 78 106 
100 1423 79 106 
100 1423 79 106 
100 1423 79 8374 
100 1423 79 1259 
100 1423 80 1259 
100 1423 80 1259 
100 1423 80 100720 
100 1423 80 1110 
100 1423 81 1110 
100 1423 81 1110 
100 1423 81 89910 
100 1423 81 261 
100 1423 82 261 
100 1423 82 261 
100 1423 82 21402 
100 1423 82 57 
100 1423 83 57 
100 1423 83 57 
100 1423 83 4731 
100 1423 83 462 
100 1423 84 462 
100 1423 84 462 
100 1423 84 38808 
100 1423 84 387 
100 1423 85 387 
100 1423 85 387 
100 1423 85 32895 
100 1423 85 166 
100 1423 86 166 
100 1423 86 166 
100 1423 86 14276 
100 1423 86 46 
100 1423 87 46 
100 1423 87 46 
100 1423 87 4002 
100 1423 87 1156 
100 1423 88 1156 
100 1423 88 1156 
100 1423 88 101728 
100 1423 88 695 
100 1423 89 695 
100 1423 89 695 
100 1423 89 61855 
100 1423 89 666 
100 1423 90 666 
100 1423 90 666 
100 1423 90 59940 
100 1423 90 174 
100 1423 91 174 
100 1423 91 174 
100 1423 91 15834 
100 1423 91 181 
100 1423 92 181 
100 1423 92 181 
100 1423 92 16652 
100 1423 92 999 
100 1423 93 999 
100 1423 93 999 
100 1423 93 92907 
100 1423 93 412 
100 1423 94 412 
100 1423 94 412 
100 1423 94 38728 
100 1423 94 307 
100 1423 95 307 
100 1423 95 307 
100 1423 95 29165 
100 1423 95 705 
100 1423 96 705 
100 1423 96 705 
100 1423 96 67680 
100 1423 96 799 
100 1423 97 799 
100 1423 97 799 
100 1423 97 77503 
100 1423 97 661 
100 1423 98 661 
100 1423 98 661 
100 1423 98 64778 
100 1423 98 743 
100 1423 99 743 
100 1423 99 743 
100 1423 99 73557 
100 1423 99 984 
100 1423 100 984 
100 1423 100 984 
100 1423 100 98400 
100 1423 100 213 
100 1423 101 213 
213
