1 1 1423 100
1 2 1423 100
2 3 1423 100
6 4 1423 100
24 5 1423 100
120 6 1423 100
720 7 1423 100
771 8 1423 100
476 9 1423 100
15 10 1423 100
150 11 1423 100
227 12 1423 100
1301 13 1423 100
1260 14 1423 100
564 15 1423 100
1345 16 1423 100
175 17 1423 100
129 18 1423 100
899 19 1423 100
5 20 1423 100
100 21 1423 100
677 22 1423 100
664 23 1423 100
1042 24 1423 100
817 25 1423 100
503 26 1423 100
271 27 1423 100
202 28 1423 100
1387 29 1423 100
379 30 1423 100
1409 31 1423 100
989 32 1423 100
342 33 1423 100
1325 34 1423 100
937 35 1423 100
66 36 1423 100
953 37 1423 100
1109 38 1423 100
875 39 1423 100
1396 40 1423 100
343 41 1423 100
1256 42 1423 100
101 43 1423 100
74 44 1423 100
410 45 1423 100
1374 46 1423 100
592 47 1423 100
787 48 1423 100
778 49 1423 100
1124 50 1423 100
703 51 1423 100
278 52 1423 100
226 53 1423 100
594 54 1423 100
770 55 1423 100
1083 56 1423 100
882 57 1423 100
469 58 1423 100
165 59 1423 100
1197 60 1423 100
670 61 1423 100
1026 62 1423 100
1000 63 1423 100
388 64 1423 100
641 65 1423 100
398 66 1423 100
654 67 1423 100
1128 68 1423 100
1285 69 1423 100
439 70 1423 100
847 71 1423 100
371 72 1423 100
1098 73 1423 100
466 74 1423 100
332 75 1423 100
709 76 1423 100
1233 77 1423 100
1023 78 1423 100
106 79 1423 100
1259 80 1423 100
1110 81 1423 100
261 82 1423 100
57 83 1423 100
462 84 1423 100
387 85 1423 100
166 86 1423 100
46 87 1423 100
1156 88 1423 100
695 89 1423 100
666 90 1423 100
174 91 1423 100
181 92 1423 100
999 93 1423 100
412 94 1423 100
307 95 1423 100
705 96 1423 100
799 97 1423 100
661 98 1423 100
743 99 1423 100
984 100 1423 100
213
