8
2
0.69877 -1.96968
-5.21572 -2.80238
3
-0.856386 -1.25116
-4.72903 -6.7726
-1.7149 0.775685
4
-2.28493 -5.88843
-1.86074 -0.221556
0.0392927 -5.84604
0.264949 -3.95861
5
-4.08187 -5.68943
-7.83584 -0.969648
-3.08956 -3.66789
-4.16458 -3.99708
-5.55692 -4.65987
5
-6.16515 -4.25344
-1.4729 -6.46638
-7.22312 -7.68862
-1.26876 -0.0795065
-0.939775 -6.99779
10
2.24399 2.36373
5.59317 6.50558
6.81142 8.30771
0.216836 8.85013
2.47055 7.46917
0.554154 3.33375
7.81515 8.03331
2.1343 5.65984
9.14687 2.29862
0.487982 0.0112013
20
18.2399 781.15
545.604 481.346
426.158 444.769
271.454 371.126
203.872 416.284
725.234 170.402
86.32 34.5979
747.915 880.055
784.469 111.357
16.4325 482.814
86.4328 651.44
717.433 768.573
515.711 610.688
7.90095 434.039
59.7313 443.249
690.769 77.9712
224.399 236.373
559.317 650.558
681.142 830.771
21.6836 885.013
40
525.556 81.4984
485.53 389.956
461.263 970.669
35.871 644.357
669.238 247.771
742.14 597.669
508.468 841.042
407.403 535.397
709.637 614.15
939.245 355.825
651.949 779.742
222.857 211.57
134.86 535.13
529.384 563.916
943.202 286.534
897.682 468.758
368.032 383.212
858.714 829.295
353.881 894.585
473.652 23.1185
142.355 215.792
620.788 650.824
56.8338 28.1909
186.221 766.471
642.341 125.466
122.296 294.29
905.207 345.153
505.86 40.0675
880.282 35.2447
603.984 823.484
321.779 501.666
292.242 689.811
884.878 150.956
519.106 238.758
45.5404 992.758
261.877 187.896
208.55 882.664
838.719 265.384
910.855 24.9404
31.8544 553.196
